5.125000000000000000e+00 3.241737329935615464e-03 9.729033641527290270e-05 1.250000000000000000e-01
5.375000000000000000e+00 2.537693755217032294e-03 4.968753338880152470e-05 1.250000000000000000e-01
5.625000000000000000e+00 2.693212603721390104e-03 6.029758633594784790e-05 1.250000000000000000e-01
5.875000000000000000e+00 2.846008327067586254e-03 5.032535679022143507e-05 1.250000000000000000e-01
6.125000000000000000e+00 2.653802304553957818e-03 7.314801367948146893e-05 1.250000000000000000e-01
6.375000000000000000e+00 2.702911763238873260e-03 4.848989698965558963e-05 1.250000000000000000e-01
6.625000000000000000e+00 2.830870751344974606e-03 7.260364298475167379e-05 1.250000000000000000e-01
6.875000000000000000e+00 2.876961530678211372e-03 7.305579086565489077e-05 1.250000000000000000e-01
7.125000000000000000e+00 2.847103128999476599e-03 6.319902139302743457e-05 1.250000000000000000e-01
7.375000000000000000e+00 2.764216102098550863e-03 7.092725207450529222e-05 1.250000000000000000e-01
7.625000000000000000e+00 2.699707267503452090e-03 7.075787518507465311e-05 1.250000000000000000e-01
7.875000000000000000e+00 2.801735393296117538e-03 7.531199726197677219e-05 1.250000000000000000e-01
8.125000000000000000e+00 2.823945235554066284e-03 8.975693118029896486e-05 1.250000000000000000e-01
8.375000000000000000e+00 2.676626064315791500e-03 1.042917999483957678e-04 1.250000000000000000e-01
8.625000000000000000e+00 2.598090648625105831e-03 8.631129932451909006e-05 1.250000000000000000e-01
8.875000000000000000e+00 2.527789744733432379e-03 1.095624202440904953e-04 1.250000000000000000e-01
9.125000000000000000e+00 2.780314496034359730e-03 1.097583426705834794e-04 1.250000000000000000e-01
9.375000000000000000e+00 2.780219430680054560e-03 1.138365388269346485e-04 1.250000000000000000e-01
9.625000000000000000e+00 2.741099633443569179e-03 1.321416827691490332e-04 1.250000000000000000e-01
9.875000000000000000e+00 2.893700137918997321e-03 1.266687879057017563e-04 1.250000000000000000e-01
1.012500000000000000e+01 2.779974842671053756e-03 1.551010551129067966e-04 1.250000000000000000e-01
1.037500000000000000e+01 3.134451219128064122e-03 1.741279202560283308e-04 1.250000000000000000e-01
1.062500000000000000e+01 2.907763874232209902e-03 1.680181685892994520e-04 1.250000000000000000e-01
1.087500000000000000e+01 3.065416158119085594e-03 1.664213776993109933e-04 1.250000000000000000e-01
1.112500000000000000e+01 2.547579476780066719e-03 2.328361011662356719e-04 1.250000000000000000e-01
1.137500000000000000e+01 2.622724184292522537e-03 2.968173862873963852e-04 1.250000000000000000e-01
1.162500000000000000e+01 2.351022084558021964e-03 3.543758109199872820e-04 1.250000000000000000e-01
1.187500000000000000e+01 2.694296528454481233e-03 4.061819746400950094e-04 1.250000000000000000e-01
